"V1" "V2" "V3" "V4" "V5" "V6" "V7" "V8"
"1" -0.572262662502695 2.22626491867282 0.58417675034364 0.627763444610983 1.48047173314878 0.674168754877944 0.601324879422556 2.29010513839782
"2" -1.63331535873576 0.936986183285088 0.191318203103232 1.72647865045061 0.655899731177133 2.37701336181215 0.275185165289076 1.01452520774788
"3" 1.44563853235876 0.314407180600073 2.51647178387949 0.140849053181848 0.906980572651681 1.08805407238075 1.05282149430996 0.781834241900553
"4" -0.260750241450029 1.8122251061133 2.0761740097734 -0.895960390947633 1.27866288096095 1.1791741623246 -0.553659705819006 2.27812094440177
"5" -0.0279760866061447 0.0223053730048446 1.65031213934645 1.49534296089592 -1.36462497063125 2.6310145752254 0.582686011774235 -0.812970814454381
"6" 0.228095717880301 1.69134195955062 0.123236777880323 1.58553771636068 -0.0883876338935191 1.14612645103337 1.88770945904118 -0.108293319712768
"7" 0.00980992658825702 0.0744746619349823 1.37804196423137 3.1250343808315 -3.23524400261495 2.41752991169175 -0.403092674236908 -0.0638588142862007
"8" 2.53216692370787 0.653100740353838 0.792879270339476 1.04805804571671 0.147936469154846 0.863727700431361 0.056030509992146 0.869532624885853
"9" 1.17667951839168 0.660739135205089 0.913850722486913 -0.307714204222307 1.00956189058232 0.251415754817742 -0.367579949404693 1.62931479401267
"10" -1.96203598267391 1.72227262093442 -0.653094723263654 0.758685340743406 0.697722829195058 -0.408833134799113 3.02600785792579 -1.70605377634093
"11" 2.25570245212574 0.41591899896943 -0.300559999817803 -0.0575125793083269 1.21544976427487 0.113248868490316 0.800627157712835 0.502006170190586
"12" 2.35241239822486 -0.600457705701565 1.72415055844834 -0.365826876485564 1.80018732182005 1.191909825808 1.15522793289389 0.648506687789677
"13" 0.422932654469319 1.44062167955959 -1.46058588950625 2.73787995839638 -1.47867424947932 1.54172656265366 0.609962911034852 2.35923818094122
"14" 3.07582637884415 -0.95383823723477 1.49505501321367 0.331747545994316 1.78224893804376 0.212772833155276 0.833693801530499 0.199148352766942
"15" 1.25697021297082 0.422713502810127 1.99519264282686 -0.255104738152576 2.27067264376485 -0.392969584544951 0.55040791342567 1.29695509973861
"16" -0.541657313306524 2.75088923771194 -0.668528894751292 1.71740356797395 0.640695453380026 -0.122502055075384 3.05171077380348 -0.307429108729952
"17" 0.0319827017742739 0.363375574256127 1.64948269125282 1.3582825821145 1.06641804039434 0.571291127183191 -0.208931901895659 1.86456924697809
"18" 0.438709887068498 2.88228747248772 0.0816006122645236 0.146149064951393 0.831462387013519 0.128012710783267 2.72744499887668 -1.52470115581848
"19" 0.799684109724758 1.06221299018726 0.650663387795447 0.971406724761735 0.651409273013153 -0.380278306694761 1.0954888704032 -0.0597994827529582
"20" -0.550604981357227 2.48135481194975 1.57681091078406 1.26645349361864 1.44675626994423 1.49953840170225 -0.464392732555542 2.90020515800751
"21" 0.0276203774029147 2.25468175249688 -0.70948812202285 2.26192985265881 1.15516434621006 -0.539223041846302 -0.0794904015758936 1.73041104924081
"22" -2.01131264704859 4.14171402074891 -1.14284067898635 1.94886017206138 -1.2707650919096 1.39951986885613 0.246541198030078 0.768356680414557
"23" 1.1326749104281 0.118047003449237 0.680717677481773 1.93152556017674 -0.485349144678194 0.294221672605651 1.72869481571307 0.336916768219317
"24" -0.230132904494311 2.37302948767558 -0.0664084030688494 2.78567571489931 -1.05379390848917 2.4167056519602 -0.576672450336812 2.42645146571377
"25" 0.990518278775363 0.811986145646281 0.233872005589008 1.31527828696035 0.662269412675964 0.575567377834143 1.60797627219018 0.015913698276385
"26" -0.46976000940074 2.03568943744912 -0.883333524571667 2.07570658525248 -0.935087999465794 2.98600682450877 -0.822163587978014 2.79633648573566
"27" 1.22617755054634 -0.23200487028332 1.28613406981789 1.34953128502745 -0.731026043099579 1.21534366701809 -1.64112746106707 2.96727674571338
"28" 0.662862320417113 2.92345518837112 0.304988310312209 1.3518254485258 -0.130541211582413 1.71214154181778 1.01973483200748 0.450493465657072
"29" 0.908658833594209 1.07158595996436 -0.163695408602274 1.42389993318869 -0.242732167103551 0.513319349262143 0.586936073487334 0.197824285270089
"30" 0.954872053652629 0.0704413535286602 -0.180990513030376 1.12867384919808 0.254583773941158 0.927719707354826 1.94076696450661 0.171212690280879
"31" -0.316834655568818 0.637767052130058 0.388417820135885 1.59886985069191 0.493079643929976 1.81591993815639 0.316591303808364 0.665502016881022
"32" 0.113499902422689 1.33765798266188 0.193494400601187 2.47579024558488 0.166655725979179 0.938248786700132 0.211533031357486 2.61153084222837
"33" 1.45806392331194 2.85884244360355 -0.877814883235827 2.39596323042506 -0.408126660630228 1.40153752933786 1.50608802002872 -0.49705914794675
"34" -0.123176494719453 1.16449612613918 0.897581756391768 -0.654539038511859 2.10108247281007 0.374264698154449 -1.07862609102193 3.79721335042163
"35" -1.18671598725064 1.84886621472571 0.711927075159068 1.54340824484805 0.291120589907771 0.330398985169186 0.641177943515165 0.617460593212687
"36" 0.0706727181260719 1.96634933493697 -0.0978814178820171 2.10273718717391 0.0884682286818196 1.98170672287279 -1.14229646644888 1.1968384664118
"37" 1.19857497127502 0.754503244848196 0.989750968833643 -0.393508108040515 0.900321053635172 1.31179033067208 0.833349893766537 2.00070739128435
"38" 0.621624866514784 -0.735303792354054 1.91290146871124 0.565024610396479 0.930935197543805 0.16051127800045 1.29935421406569 0.749182458210362
"39" -0.487359910112801 1.75040669546512 0.198455341011168 0.445361581638383 -0.0232659239410038 1.41808990455666 0.374766869233119 0.585192476164217
"40" 1.99894725115701 0.152302377703435 0.669515404374699 1.18161395128416 0.812365431253345 0.347590889139593 -0.784442511013986 3.41441680875999
"41" 2.12120957117709 0.840343670127479 -0.637781901880099 2.85006731941051 -0.643608334514723 2.46504654309456 -0.570849412981776 1.99089957303421
"42" -0.188765399965282 -0.211220764364677 0.420376726838727 1.06097458701326 2.27705423137292 0.164550434229658 -0.0819143405933913 0.771837027307033
"43" 0.37378448005255 0.0649689439373869 1.19283716515174 1.01432084732199 0.0313794319675754 0.135296628434043 1.86031558663574 1.1206685555068
"44" 1.087470473781 0.928308211836609 2.5309564561813 0.659870913230971 1.07285064733761 -0.101620908115745 0.639665457429637 1.79114071925767
"45" 1.83417419159566 0.727132527340634 0.578532675953252 0.421052815367445 0.723596368720086 1.33103737403217 0.0624540098258416 1.56360873786802
"46" -0.524058607687768 1.01889245359905 0.0549972277367279 3.21190747793793 -0.988778507923697 1.64972425489377 0.359498632017496 1.20694130590399
"47" -0.666105381895042 1.26932964512134 0.653182696207924 1.83054296514397 0.689935129287715 0.964059190728499 0.826071377433911 1.22802455477369
"48" -1.16390810543756 2.22140750180965 0.871547342049397 1.190165206218 -0.647088658660991 1.10191653412067 1.3448243827982 -0.374037614755777
"49" 0.774480839123878 -0.210153723291111 -0.0436019120795093 1.38402789376009 0.116362109854467 1.14152579289211 -1.42450541971031 2.36346708733291
"50" -0.53221214502996 1.44185660266474 -0.566958707352799 1.49181603852352 2.02472540120475 0.233002023523206 0.199760023321359 1.00810447799305
"51" 1.59163735855375 0.570173719134633 1.44344307663813 0.302132904317023 1.35353337712757 0.824241062739378 -0.28329537526303 2.09184354341144
"52" 0.432402972844782 0.323259939952086 0.0520964182449052 0.203669135092336 0.738909649204723 1.50783162988916 1.02711238434766 1.6825903864073
"53" 0.62272975141225 1.41915410712859 -0.216362856066421 1.30148951719968 -0.52186795640336 1.60420915402375 -0.685117796475711 1.8328276506606
"54" 0.628087655199285 2.00233909129978 -1.74241732176872 3.48019746956985 -1.85211212676952 3.63284643102599 -0.399772183107298 1.12303318790582
"55" 1.78255757649312 -0.337699013598144 1.53426836700392 0.535552744218109 1.9058613981293 0.291538765145125 1.39231959093653 0.804584485512985
"56" 1.79804727976739 -1.13137522340552 1.21267827368582 0.157046297888349 0.798913021235584 1.22207005609833 0.803235096854435 0.609767111520758
"57" -0.572544855973459 1.60681192619973 0.485828633233083 -0.252866387701844 1.09687384061119 0.425391484681959 3.23070806163551 0.770660684635
"58" 1.23426794806117 -0.540519461619053 1.44059153782659 0.102203141928613 -0.371811863731001 1.44246510697225 2.04770257893965 -0.170298037686838
"59" 0.551341005232868 0.671565596374559 0.209892718171528 1.01505138038718 0.204495039730021 0.322270934356908 0.875458359566322 1.3050658745878
"60" 0.371468489135141 0.26315351156049 0.686951689383779 -0.198393896862066 0.326704133198521 1.0668681275921 1.90064949409462 -0.734039944624312
"61" 0.720921193411319 1.71576764516079 0.0534710982314305 1.5228395835493 -0.586619355616767 2.6638319996973 -0.936615353894062 2.02690919179979
"62" 0.333184964129036 0.33455773357965 0.348500982719297 2.08381830975644 -0.813092459530693 0.774741805431983 -0.187238707779016 1.12130946264329
"63" -1.50415851869693 1.55308868925644 1.46864226265825 0.241606722925695 0.571098898323362 0.833543874875162 1.04074595423006 -0.476978727601002
"64" 0.321975673014716 0.625854706219962 -0.180472716713913 1.77521148068543 -0.638136717657925 3.57421798254699 -0.396893154688589 1.65973414693133
"65" 1.2486576598198 -0.860136205299977 1.61884444452279 -1.14304254457225 1.46015643555443 -0.305714074064359 1.26577852699699 1.23208533202585
"66" 0.82827260809867 0.575222977373739 0.183170825751753 2.64574437573776 -0.614036347959277 1.7699703626497 -0.529123758090907 2.33421181717695
"67" -0.526831846750993 0.920084846538184 -0.787847750998434 1.75323238394979 -0.187424347719494 0.774409384953014 0.482482846211653 2.1140011457531
"68" 1.93185204259377 -0.0858905739917915 2.20121007048301 1.30079157223064 -1.11451412255154 1.33648323177951 -1.03592886399787 2.07907170367805
"69" 2.24260528394605 -0.315419294900408 1.41332411055851 1.01798639958637 0.547673348177562 0.308824708308666 2.47149927294892 1.42378417630244
"70" 0.47549612728669 2.7840297287911 -0.51501980865535 1.6904543888639 -0.236006144413005 1.6891287498801 -1.14033008570256 3.95176032796103
"71" 2.08009538133627 -0.280662140949465 0.680814892038748 0.536758374844865 0.231696440154535 0.28185784784405 -0.199165808551841 0.0820734387158785
"72" 1.27108588016522 1.29140082389003 -1.69072401598061 2.71733220694817 0.53064745182936 0.877302791433929 -0.17875124398711 0.445919695522642
"73" 1.71604274545552 0.595862478834245 1.34403162336522 0.223422382383708 0.865597666153887 2.20273167682569 1.12979195169189 -1.28241779238649
"74" 0.670197900131449 0.354245192124431 0.635071560035761 1.27308148386175 0.760143739852712 -0.221811336216706 0.638723371628943 0.96337805242336
"75" -0.573070081191377 1.06571737363183 1.11232246500957 0.238275217985651 0.743734753899784 1.33702321420246 0.473741076853508 1.57487136720815
"76" 0.320427634023158 1.15994358023019 -0.964237803883196 2.3362657011768 0.211898603390096 2.22746356660276 -1.36608268251898 0.227378617718696
"77" -1.46733038678705 1.77145257130882 -0.89757674350064 1.37190902105987 -1.02998407504955 2.11448032386972 -0.144539195601579 0.97601295632463
"78" 2.27495919114381 -0.649769147052114 1.66829805114793 0.663209784776242 0.0473524310541208 1.97483053412673 -0.292878828908821 1.79693298935529
"79" -1.95194333164186 2.5830794724305 -0.536427101447533 1.78444849927742 -0.3500194954895 1.20135325435728 0.684511371183205 0.233805859881356
"80" 0.966748562382908 1.46625139147115 1.16290242811585 0.669450920283405 0.946809343940781 0.310242593764626 0.227227545587354 1.32939974053412
"81" -0.396263382106486 1.88558664637911 -0.157192014736966 0.2929461620891 0.343057422104121 0.261377197072553 -0.0897264051013623 1.66394557928453
"82" -2.06480000732907 2.60465721758267 0.266743450950358 1.27438855177843 -0.336562944435865 1.25890779640241 -0.137429218591785 2.26336586673558
"83" 1.05441753581715 -0.15568189731471 -0.231356362034726 1.07975224412935 0.589795736243664 0.499764734034669 0.939565793277296 0.508239502265981
"84" 0.671140689007277 0.407968738910384 0.443509507673993 2.38640384933467 -1.02073106521928 1.5163277704597 0.352542314902807 -0.541217095799834
"85" 0.155378574088906 2.94841790296075 -0.3667040295486 3.01034489347683 -0.824305306324475 1.2642148058384 -1.13728336880175 2.02145705115319
"86" 0.0775202773781596 1.19659374073082 0.835034018309975 0.800953038255602 0.109774355043382 1.36688121389882 0.920563125323047 0.41374884629515
"87" -0.1022328360626 1.79846238383984 1.32478012927506 -0.144960532559755 1.37650995138615 0.728494510532763 0.313605277612175 -0.0579321853903272
"88" 2.94753326421327 1.62906611090596 0.0638464921694132 -0.462980773367002 2.30754505774026 0.331656261255681 1.97396597942101 -0.889960190187993
"89" -0.660687134355875 2.31320578249471 -0.43182497264706 1.31765593333522 -0.473782446199657 2.2882034342131 -1.36222710815758 1.59835508161585
"90" 0.87826177143354 0.448965774017561 0.966393556306431 -0.318481339885757 1.56172908434372 0.436531716044722 2.40852490823443 -0.109962337479139
"91" 1.08038690219819 1.694754005451 -0.0249949573655857 0.372781463042852 0.853001563268902 2.03058694326517 0.134689041528849 0.636433407511386
"92" -0.466288747710731 1.43225445768521 0.50947918576164 0.755794774395939 -0.143414365029239 2.40038092134545 -0.379846326278704 1.65453822853655
"93" 0.882922728005986 0.827660832618385 0.770054301822677 0.164967424206456 0.166579555767438 1.73587550192247 -0.408620087568877 1.65444209225966
"94" -0.157191029398373 0.658119899663512 -0.157595331938052 2.14188187760469 -0.17244849014501 -0.321314259548316 0.633841620214924 0.525066959490875
"95" 0.569138574719324 0.475482172323092 0.2590917391242 1.26813126871514 0.610155013020388 1.37983089817505 -0.395707404123516 1.63159638072695
"96" 0.561923990215525 1.44854239015344 -0.233039238611002 1.70380268407211 0.789967058631126 0.997556818477078 0.8302740905348 0.978064468823748
"97" 0.157084033171255 1.15973746256591 -0.366363548526848 2.10816906667707 0.482968665526797 1.18259649641496 0.213271065014849 1.18464848373276
"98" 0.55338964781615 2.60840941069766 0.274665254715171 -0.803246648809549 1.2327310069659 0.181278971235257 0.271241012680726 -0.0739672282917039
"99" -1.03409826612204 1.27268748425868 -0.57903563752738 2.59987712086304 -0.661466785600792 2.71516514128788 0.368078450047961 -0.270540965228023
"100" -0.109596982608046 1.55477634147625 -0.405614035720617 2.02204603471965 -1.04626478849257 1.9976031954446 -0.233019970697897 1.3075219642046
"101" -0.0825746125536737 1.55911233065045 0.816114009744063 0.733865893162646 1.5947895589951 1.47487698466027 -0.762818838960308 0.850881518820123
"102" 0.191514980835949 1.24198804018425 0.243039533283957 0.46665554753314 1.47062317696103 0.34108704985639 -0.22087617268476 1.44580416397468
"103" 0.720178428932259 0.344398238561526 0.853472589425365 1.47823907998245 0.105017866799911 0.729620355884279 0.159062993168375 0.864910977572095
"104" -0.315562920450854 0.285255379435509 1.23031989511765 1.02699276001537 -0.040386091449082 0.767860401617576 0.596605151704403 0.304943133093453
"105" 0.960985660130955 -0.14977789554911 0.648297232242199 1.89964606941915 -8.91408050668341e-05 -0.725874780458601 2.31735453592808 0.533332210613454
"106" 0.443439177341053 -0.131079668607287 1.75584751603402 0.900746098610931 1.2773721692418 3.15402875813153 -0.999167908939305 0.677765360392864
"107" 0.451926172198275 1.95383595855774 0.270610385147529 0.301747604120965 1.96366441016846 -1.49168498225736 0.939477712126061 2.15195788540972
"108" 1.07033504390538 1.16433206826191 -0.286160179211485 1.90273391063815 0.693309127845258 0.631602295993659 0.644644682107474 0.0782454892660047
"109" 0.224329108376047 -0.341502600879091 0.734625214010537 1.43932608146549 0.279056893458207 0.630188564420908 0.608440465242362 0.822795361386002
"110" 1.85018850009737 0.97707952319244 0.0582871638740791 2.06560221680734 0.903581999808095 2.13174042908821 -0.568875284102845 0.785630033859781
"111" 1.49327237092693 0.00928665757337899 0.644211695071332 0.530151207588341 0.296203704362052 1.87731181625992 0.0399956908121197 1.24302798599501
"112" -0.454650347170529 1.79362139122367 1.26089889583276 1.0317377438409 0.543549845256656 0.254169441628631 -0.0428612032801945 1.54976078665134
"113" -0.244083166967773 1.45504331662483 -0.0449757404821625 0.822718814132697 0.0188452605902062 1.8426490817198 -0.352560258200644 0.583144826927617
"114" -1.14138015469803 2.63985772097529 0.376521019697032 0.651751746312885 -0.831924866355974 1.74079674413715 0.937987962168702 0.767808852565389
"115" -0.215924072075118 0.230027729131928 -0.817067317727918 1.28410254528703 -1.04799084308828 1.56897798242836 0.316858870537699 0.964419389905408
"116" 1.7020818226073 0.257872270601924 0.551776368117428 0.876295685967049 0.114195922245964 0.612517725591247 1.19071871764729 0.276456523617864
"117" -0.717381767928393 1.5808791457728 -0.0959028004800956 2.01599415131407 0.0247670256998008 1.60275797808799 0.18657290814839 1.54850980642373
"118" -0.778627454384935 3.20665414046047 -0.0829736048622992 1.04401831221912 2.41905059052348 -0.416466382382121 0.293289206480258 0.815035303638501
"119" 2.36765424680998 -0.430704632581343 2.41140309510765 1.13778152009275 0.937328513232227 1.11112808380435 -0.109337177799612 0.0468322999994837
"120" 0.394338012709274 1.73233816685818 0.228347260163796 0.81421628382656 2.12375077197996 0.523286727271393 0.208970629236688 3.69534858980318
"121" 1.00093010689104 1.62997422251052 -0.895648029367995 2.0456235694258 1.00753609498739 1.33574183649809 1.77074978353349 0.839669472124013
"122" 1.26152453226051 -1.04484777973093 3.18841118079388 0.314626739191972 0.347757462846912 1.05801607682602 -0.427066219391298 2.67163526993244
"123" -0.709659874031818 0.628646714121442 1.85328436464329 0.943447259485868 -0.254423975381791 1.42815186072825 0.151889348710077 -0.558561503987399
"124" 0.59995938535807 0.16062760408934 1.96036889971412 -1.10913777012783 0.806950290877847 0.642500717495669 0.228091788631406 1.0090735279491
"125" 0.286949460025807 1.23854535493524 1.09976029739841 -0.184351864335366 3.0680551020734 -0.455679352985061 1.37067963737251 0.859356370020105
"126" -1.25466331409417 1.51754859327632 0.542435581814899 1.34761871037022 0.818147426498024 -0.0681318338371348 1.36438894646295 0.739968688424287
"127" 0.00190655090064179 -0.110333896771573 2.12144344852281 -0.718141264236789 0.296714229362208 0.279273828423685 0.550701524236695 0.523679111090132
"128" 1.87466309851023 -1.23390349845498 1.62029926204533 0.119823417319752 0.807774802130543 1.21434285337094 0.579150798739911 0.468731527909185
"129" 0.61149745959741 0.337180451823131 1.99158443684986 0.13071165256713 1.20372037065748 -0.75606379131573 2.08543634715396 -0.353601618417895
"130" -0.501851252888666 1.42733540208147 0.214926646759187 1.55333686717111 0.638175618637968 1.79478605644927 -0.0225901471467357 1.13434930243392
"131" 0.722359247129052 0.676041247244277 0.984495351797337 0.209738924442813 1.22837586112398 1.44795020961514 1.09420321248096 1.1025224014173
"132" 2.34253881484962 -0.304080656582264 1.96773866218239 0.278482881048224 0.653603646600859 0.710556609893782 0.90458065253325 0.760809937294659
"133" -0.993537449563492 1.98827775809081 0.0434988879032087 1.02164422740264 0.501366638564896 0.841889595292345 -1.19165576890567 2.10907065463701
"134" 0.392441535629684 0.359305095880537 -0.655655194872933 1.77563885127409 1.28632797352905 0.245222937041293 1.538952274353 -0.358918676831935
"135" 1.55788736294443 0.886916596112936 -0.381773460163653 0.947270070745182 0.978552171197321 0.345883313540016 1.22176371752708 1.50930636784962
"136" 1.30018796380007 1.11048995398769 2.05564769789398 0.60345033625876 -0.063609355285021 1.20392521323968 -0.566008117855775 2.93835705140683
"137" 2.22928017759573 0.217824987912103 0.933052930361773 0.819551754638376 -0.542252552100283 3.31063407027324 0.468628534727105 1.28789570787265
"138" 2.3697987056661 -0.813534098149455 1.2323098771476 0.889469186911502 0.0105589371989041 1.39038977162332 -0.403600190632875 2.52989435666963
"139" 2.55746387688965 -0.62784872489466 2.12581056469107 -1.67980652797582 2.62224768242334 0.182648206545352 0.847924332240336 0.677541402668855
"140" 1.9606768099546 0.825497391080568 -0.0967463163808396 1.53917012659859 -0.144050464636041 2.92265606866169 -0.55378439658092 1.84582710392498
"141" 1.22578203279594 1.04121002056712 -1.98518384481541 3.56720072689822 -1.33926340192147 1.77258121232056 0.174219864872885 -0.290573451452253
"142" 0.862139879563425 1.0568270245292 0.608123397079931 1.85117978493857 -1.01496767120797 0.734348866090032 -1.18296616752997 2.79138431070523
"143" 0.85396414620517 1.61829906146433 0.420423738811726 0.315293266005776 1.39471786587362 -1.04007768001224 2.45894125349481 1.74834589124767
"144" 0.628990768096047 1.18308057730912 1.04087073613742 1.99402153770984 0.358036002673251 1.0152887913806 -0.341617209993679 2.34160078536725
"145" 0.626763070697624 1.45054113813608 0.501517019714028 0.671616656369336 -0.78253910032758 1.56209887100618 1.25787957369477 0.569082162835416
"146" 2.08880690509549 -0.564668722624093 1.10454651463844 1.07828673808788 1.07255998534811 -0.0232056594677694 1.31237089157771 0.692121045945047
"147" -0.0652943283676625 1.00126295843475 0.869009765691384 0.0986942213472679 0.990236401344516 0.274318790528022 0.991864801362807 0.324134598160125
"148" -1.0848508196155 3.37814582933795 -0.484371283745323 1.09763786986134 0.973734938840521 -0.144082666417983 1.30202248584271 -0.590817197508675
"149" 0.26372856828344 1.22608800674264 1.26970255382594 -0.976998207651892 1.28485165967674 1.4897652551448 0.596124822240206 2.35931943143689
"150" 0.145379333527679 2.52831895244812 -0.469868827784614 1.5432290934793 1.37521587266139 -0.736060058249534 1.30028327350021 -0.140947080622471
"151" -0.426406798925566 1.62373350049006 -0.636856297908384 1.30059149458838 1.31116077976934 0.627893424472953 -0.542795049270776 1.9869149312925
"152" 1.78172741734671 1.97963242246716 -0.821710230020447 2.89781652053236 -0.981740103938984 1.22126257343146 0.433497138873615 1.84873189820752
"153" 1.34737709147558 0.27426341264482 0.714505986125944 0.380953541170305 1.46087264537765 1.24942503511543 -0.357044183028677 2.21059894147703
"154" 1.37687967575788 1.27747122485991 0.38534915459934 2.15518864170881 0.124712425684632 1.75063447233493 -0.352739299685161 0.720751998303648
"155" 0.901713713565033 0.580852455334439 0.452385195645405 3.2680655235306 -0.0500414885228684 2.49482126851704 -0.461581376317929 1.6332568805483
"156" -1.72365278995197 1.67041277370525 -0.299876949611344 1.72163789214478 1.04471223363601 0.182055470671546 3.27225859829851 0.134570890212357
"157" 1.58731401980866 -0.295787241033557 1.75665910105585 2.79155595711817 0.309646790479855 1.73067319320182 -0.0354641733257307 0.548411230301696
"158" 1.23922865836773 0.0236313654577415 2.29768776665322 1.14488477261468 0.593939706417402 1.26877605703095 0.379820506010697 0.617108745028665
"159" -0.875264544397668 1.88851228892361 0.173843519907883 1.09740532008645 -0.036273207453676 3.53968940874407 -1.47255808052723 3.46841235686292
"160" 1.17821580447918 1.75010697463887 -0.913770230505347 0.432728956175544 0.744920210681425 0.831932642914039 -0.0200188405971096 0.150255998383301
"161" 0.746946664380261 0.791298490707684 -0.312693809221089 3.34755593378712 -1.82241554573071 2.49327223954718 -0.0726429961952795 0.164706096455992
"162" 1.40531967039857 0.062871621002241 2.16404284539216 -0.892500962580827 1.37578760203146 0.531078311831733 2.18309489812424 -0.0128426455951267
"163" 1.48765941001487 0.221576106877963 -0.31971953659899 0.774357679427868 0.479262248780643 1.73184732725352 0.420916132828521 0.952626096928467
"164" 0.82870733024636 0.751040887744962 -0.454095265972748 1.376196619352 0.400627559325568 1.51275738077252 1.16358700273205 0.382558330260825
"165" 0.279359683286805 0.529460205113846 1.14887720968577 1.74577474281301 1.00002217610279 1.27084380172673 -0.0971640424209202 2.97242923302524
"166" 0.00804932980031559 1.18780178057904 -0.812508152541473 1.81345435655232 0.410844601739371 0.59833507486735 1.03201472099563 0.962994976294087
"167" 0.327199518791286 0.241350713660304 1.26236628911568 0.491603102658357 -0.196544596728725 1.06748065819983 -0.172816145846786 0.810706878764617
"168" 0.854508932845935 -0.90742943683166 0.600761463759493 1.41919599917742 1.2386232360552 2.20322846450145 0.320425575393808 1.70727452130253
"169" 0.334171998892037 2.38602051089463 0.931340119063673 0.897053290094895 0.712361063993115 1.37061461873883 0.812726025587255 1.59704404170638
"170" 1.79040257754297 0.190890609667598 1.56705851594639 0.925199259809697 0.822999556417322 -0.637178775243807 1.92918220700288 -0.117801544486616
"171" -1.16720133997901 2.73631117405662 -0.844870644349891 -0.296928975665986 1.70134429304673 0.0672438296940869 2.70510127284926 -1.09090561885365
"172" -0.653997253964081 -0.0435496425874269 0.70527738505788 1.02339764934564 1.13003930183405 2.24823339854894 -1.46802400861606 2.77077416291052
"173" 0.688987763178736 2.85268503602231 -0.446474414966756 2.14403762975065 -0.588085021566477 1.32378106835142 0.148844902480173 2.6502779992808
"174" -0.552397135743715 1.67968172499255 0.404462507119337 1.25706386831953 1.10064291378881 1.00379315301476 0.403562956007537 0.765343501932094
"175" 0.00830171371847965 2.28023587635433 -0.268464318721415 3.09400314776825 -1.1588775193004 1.57030273452719 -1.15872847852965 0.456745775103769
"176" -1.00528070185382 2.11779728061324 -1.13494355629343 2.58480933836928 -0.458337131687123 1.82435184035043 -0.0840661930649006 1.665490231811
"177" 0.124706536674329 2.44704473364171 -0.319825555773513 1.02075485064393 0.252257468235315 -0.126067055267034 1.14557215006763 -0.720341935812416
"178" 0.515152998538453 2.10943303896591 -0.492011175797618 1.66630265376204 0.0106669872898079 1.50105082121835 0.00682428273569108 1.21220515057871
"179" 0.180499302979617 -0.795206434003874 1.0248707559571 -1.97395806793878 1.77921690240043 -0.143020895184542 2.75842620997474 -0.671186215181096
"180" 0.0402435518441204 1.86034494629745 0.233451480045712 0.799857251559489 0.546245403635943 0.345833407952909 0.676440658059172 1.43289677456572
"181" 0.135013820548682 0.789381238293871 -0.230126442522422 1.29955848258851 -0.200313557249998 1.146977792405 0.394386404046381 1.71202966494022
"182" -0.055183563616812 1.7594673798665 -0.520150766665528 1.01076628183731 -0.468482446173576 2.83272202798386 0.467329617618713 0.820101174073157
"183" 0.963875146023163 1.95917797467068 0.352232128235584 2.45636380271695 -1.04759214795283 1.24841961985761 0.655088400781342 1.45460933466098
"184" 0.300088664683292 2.79842251292053 -0.338787860179343 1.30842232428118 0.962958671427544 -0.298350793544333 0.386794603312549 1.4809235547552
"185" 1.48529214031823 -0.402988702118977 0.118851343312292 0.275501912367288 1.51133768013126 -1.67751518537449 0.384683601386517 1.49162196188416
"186" 1.7193535065172 0.934885490458984 0.10826393697901 1.24661852692168 2.57772507745255 -0.508914300588996 2.21143472590594 -0.74905404594442
"187" 1.26707502018404 0.358848576990452 2.01834505552287 -1.16080061661761 2.25939331178221 -0.455013469395571 2.33570500286796 -0.99645394906417
"188" 0.468303495909347 0.381214498126858 1.22603331249007 -0.00992018408982842 0.710998669859867 0.744233670097506 0.131864350946806 0.400159294582549
"189" 0.213557715311213 1.8405812870801 -0.319093605636867 1.61280964528948 1.21844456916656 0.878829539826799 0.359058650654308 1.97178849836982
"190" -0.928436162082487 3.5103166268426 -2.50639623259486 3.46904562766703 -1.38521623503133 2.34089697560978 0.0838632357837654 1.30582156624402
"191" -0.606941154759322 0.645152995165072 0.395037292134081 1.0139625146669 0.526883097181046 1.55937031528041 0.0188995830675033 1.5489202464611
"192" -1.74380865569657 1.78048437969686 0.265753944380053 2.60984486440534 -0.816485128971725 1.381277875327 0.00356531552390893 2.4595583004616
"193" -0.191119193787341 0.777904576805051 0.668014766670291 -0.532890137584534 1.69736631329366 0.420935186329844 1.57633245021152 0.306720509983692
"194" 0.0988552295428977 1.32277055204177 0.299591101101548 1.78257059049376 -0.711592662125692 1.40399859138066 -0.707390392885733 0.230790789451149
"195" 0.210111504616678 0.713343454624687 1.3410903882526 0.312221094132295 -0.123503372739102 0.414450265015871 0.553853093123356 -0.682206232997972
"196" -1.13887299392964 1.71748665683381 0.17283707509843 1.76065458797547 -0.670396211036317 2.01039816473717 0.27054466103851 -0.0549506318538766
"197" 0.119356908181505 0.957676454209429 0.279946242379874 0.725997075611887 0.105083435967463 0.703178165635295 1.07681749095186 0.759268527569154
"198" 0.918596619526167 1.13638897607438 -0.346804419829665 0.361971730198224 0.421254322388258 0.544184904647611 1.7869555456554 -0.24669397779479
"199" 0.877721213150862 -0.21930078538038 1.13942853377859 2.31846681544493 -0.448203366809627 1.81689816153242 0.397777288705292 0.828534510363178
"200" 0.956467842599247 0.495831058033063 1.15415788541509 0.78560227590934 0.676533054913377 1.21164463725782 0.788942907767938 0.79937095675675
"201" 0.601630523376568 1.2082210017941 0.248823434159289 2.24113777671723 0.752038435326416 1.4028993135975 1.29406785745449 0.0988540505127137
"202" -0.00379210620822312 1.27806866941705 0.878594331102519 0.558299600836588 1.0967730504743 -2.12593468021181 2.48761473681042 0.187843995440837
"203" 3.02830096418162 0.660900802756736 0.132314528943257 2.07435082111796 0.439152104643356 0.49625696023744 -0.340086402853243 1.99691069281711
"204" 0.287173920384714 1.97455103891809 -1.20044764568 1.24482885125198 2.26408946754496 -0.098990583719865 1.38174239567204 1.31125949022968
"205" 0.319773069617167 0.445323194911878 1.14642019194985 -0.135857876353692 0.990161041552831 0.874779004413296 0.793050521577672 1.16649928457817
"206" 0.311405210612858 1.09842602901124 0.456233210308229 -0.0232446320790094 1.70661917716963 0.0104603699435232 1.36645532860042 -0.0989115688044415
"207" -1.52587019236771 1.62834130342995 0.206916179594441 1.02969040745408 -0.507520025987775 2.10516348792128 0.165194402711373 1.66420894001694
"208" 1.88247277374757 0.250286622015969 1.27350993821984 -0.817310332185673 2.04550816186851 -0.62179059825604 1.29776122852484 -0.509239389190004
"209" 0.481271549085036 0.818932512581704 -0.105046849255229 0.975195235326814 0.801776800037059 1.49707385428692 1.29267956820359 0.219163810164471
"210" 0.499576148095103 1.35314273091276 0.0331468209233681 0.684379566519617 1.3073962197586 -0.304481161435227 2.57815445249902 -0.573890005661607
"211" -0.471393746961562 1.17372452237186 0.146505866444119 0.407470263395372 1.79633714079497 -0.885756919796277 1.15686075470327 1.5077120565456
"212" 2.28132701772104 1.74811211118079 0.0464853174817766 1.20745985460293 -0.891953021158038 2.32692320904608 -0.768888259980283 2.00143663393837
"213" 1.28403456967404 0.821242379322515 0.570299549006597 1.5271850499027 0.580651683994554 0.686075980129678 -0.295750516730926 1.73790812801046
"214" 0.111834061322805 0.891792630642731 2.16501062285333 0.804776302991752 0.445434547621041 -0.52866844243437 1.64273833495461 2.3254785412251
"215" -0.0609335721739779 2.13826719705521 -0.769382549210925 1.41084303942285 1.2234847846509 0.901348938185568 0.478994061725252 1.23866693382922
"216" 0.265123008543079 2.1246833484339 0.421144690739946 2.18679528866415 -0.933851319992998 2.60028978617884 -0.00182447384107687 1.69956802541971
"217" 2.53120223175018 -1.39447370894934 0.781290559039691 2.31933904053263 -0.413464680433438 0.695264153571489 -0.0270895228916259 2.38746414719679
"218" 0.614267682038195 1.22185027945653 0.878800419201125 1.27384383397414 0.302848869135203 0.639487747884929 1.22170997218831 1.26605289938988
"219" 1.94331352150217 -0.0304466651418724 0.111390877770369 0.992958552338722 1.8838913217631 -0.479176220368175 1.0829778375726 0.351369544192419
"220" -0.371454758211309 0.341080179732501 0.664274996348906 0.321620402737517 0.808293469869318 1.04942994470929 1.41834954438748 0.469536560001663
"221" 0.704560550215974 0.537547712246692 2.40336792103246 0.777339774537585 0.271636997242543 0.485082272553748 1.52831808139844 1.20677014287384
"222" -0.282488191593584 1.90281924933592 -0.0365296058359234 1.10203626938541 0.880058360236232 0.426747948052845 -0.263137360319072 0.933571212245761
"223" 0.4054126722833 0.529838517688796 1.5189344516869 0.885743448150008 1.2749639308055 1.54813520890372 0.339739996617439 3.21515909458758
"224" -0.365016921692975 2.16126978863307 -0.466261228084783 0.92026896652658 0.109536991027496 0.620762474103206 0.911529358454494 1.14517897355423
"225" -0.374191264235772 2.46121534686953 -1.41737331430098 1.72187920467037 -0.120061071792928 0.951380979965658 -0.302318304125393 2.05960207113739
"226" -0.681817177044245 1.25246414035323 0.531495298878266 0.000151796376275493 0.334699131412394 1.79880469568939 -0.704761378284144 2.04622522255015
"227" 0.420229841729568 1.01445125930873 0.87510065348158 1.21244750417984 0.668161612332598 2.20064648706272 0.480999998240463 1.67599894308444
"228" 1.54349365509526 -0.694311602665356 0.915486451627715 1.39862311426004 0.130522660437798 2.78588922363842 -1.94786378432498 0.415002799394757
"229" -0.215394972625457 2.17321098924774 -0.160159996373898 1.30011994131929 0.27558748481696 1.6859292836252 -0.767131608086435 2.54876060979658
"230" 0.494137595370673 0.50278110234222 2.46729662021355 1.11162646741823 0.849326804204622 1.03474164391817 0.778435628208038 2.20735066832225
"231" -0.614787402949552 1.26018113690525 0.136458564599927 1.79425807122942 1.33869025079402 0.896486284991627 0.578509911055987 2.01187281437542
"232" 0.636036917471187 0.439435533592246 1.79038144289737 0.583212948919961 1.96198557569853 0.669204510782226 0.716955660536776 -0.531019426258363
"233" 1.16309031762231 1.2111961464675 2.07203900283921 0.693724700529238 -2.30424777959549 2.86151924988507 0.190628083736677 1.99421666268768
"234" -0.871925360053162 1.68010018905369 -0.238051168700588 1.71123056137101 -0.784442718644309 1.93207891454905 0.555834173137015 1.78788750296123
"235" 0.88972430333509 2.00573106564788 0.367845416793595 2.16764548857788 -0.404485238276843 1.55570407861081 0.895157090270952 -0.879395448497601
"236" 0.0917956731092456 1.39449291870106 0.0302742644733144 2.58034237842159 -0.269990539913354 1.8180436600206 0.177871698727378 1.75980532674735
"237" -0.918128138812818 1.98761116882023 -0.551250800926342 2.02002179285857 -0.00483123487831782 -0.148904230793967 -0.497750288053696 0.856999178265785
"238" -1.21567759380915 1.79026915014577 0.995107361961135 -0.96449065189655 1.5071679568489 0.877740284959935 1.88629469123126 0.239089490782154
"239" 0.98904038517883 -0.0290400776956063 1.72602822193775 1.3939756750861 1.67231508593408 -2.09793596337372 2.99565933416748 -1.93232806932964
"240" 0.781584369656159 0.0764424163516318 1.44847864738319 1.81783481298148 0.298020044519026 1.2472415581222 -1.08520394866584 1.97906734513538
"241" 2.12640449060322 0.25594327762759 1.13254992828553 1.14144887677198 -0.371659353504377 1.38543359936224 0.391921786304028 1.91956975443956
"242" 1.09735715753513 1.08735838637363 1.1547177682777 0.015431780370853 2.10577212051156 0.157455708989383 0.945693923696374 1.12112329973477
"243" 1.10067723463371 -0.264594566466946 1.33442583546899 1.6205292235143 -1.81622242165043 2.63938633788469 0.0626459871935162 0.428589076004776
"244" 1.15061532027996 -1.13391189624069 2.70694449591399 -1.7535592939287 2.27132074764748 -0.889715977747406 1.79208138246079 0.480636071759128
"245" -0.729518894390011 2.14139874750846 -0.669732564137361 1.28552652835312 1.11910850843044 1.62472131562071 0.420010190074432 0.170251862260056
"246" 0.90110016762585 0.851744110741562 -0.413666427883576 2.54454543484454 0.0216216228253335 0.990113941695994 0.623052690557539 0.228799023152194
"247" -0.447900814505117 0.955858267290862 0.665254369720745 1.22258166479007 0.20925137039525 2.83946971115662 -1.14763704768415 1.99250626368751
"248" 0.454688989823784 1.76191269365091 -0.739050829794158 1.41368195320808 -0.292021882819342 1.34197039613448 -0.500436171808404 3.15206940470988
"249" -1.13893358751048 3.26183324588983 0.558335641737605 0.921625730294089 -0.824898485046962 2.20995044973094 0.683623401470004 -0.21875355946287
"250" 0.268003771430354 2.10104302133304 -1.20646776666365 1.31385238763908 -0.563181123660456 1.22083082008412 0.785236294874631 -0.446486667053952
"251" 1.21057325686234 0.611272758431364 0.00226817789823086 1.46440583863227 0.31764796516176 0.633768729390406 1.23873491813628 0.741611670495884
"252" 1.97812033992023 1.04037848746163 -1.09468677891537 2.96098758737033 -0.401148186263159 0.620565805763327 1.40714642712268 1.66137780396
"253" 0.237583541253747 -0.619638025569072 2.27957168431667 -0.725481544651439 1.01785196621855 1.00030069598398 0.359796709499905 1.47943955475802
"254" 0.829736668020324 1.7248766311107 0.845188711991411 -1.19491988864745 2.19062014314215 -1.18430386720184 2.15478028301682 0.016914020705991
"255" 2.20372446762481 -0.51170261461896 -0.25131977659922 1.20431737625194 -0.0154372758131269 1.84007003475641 -0.0808994072113292 0.94992381307183
"256" 0.407902727317715 1.37302984183248 0.067128312761924 0.386464153786779 0.774070441039187 -0.268402268251477 0.911794147583288 -0.0474683754730989
"257" 1.30852588296656 1.47331573375224 0.353691445571606 0.871196011056837 -0.279690696285423 1.20713700163861 -0.515290672847509 2.77918876151994
"258" -0.18538102532482 0.296413606123659 0.96001877758009 1.729207629733 -0.298338985136141 1.75115919325224 -0.0678139827784648 0.314499650838139
"259" 0.169202741311966 1.02715704478796 -1.36827549660151 4.0341252943846 -2.73707534800183 2.06591221081179 -0.353451781967179 1.58904881577169
"260" 0.814907255682153 0.820175919529646 0.00145141315340636 1.30586497770437 1.24030634566591 1.48374690701621 0.0357759627097447 0.432472644379528
"261" 0.862169453604314 0.109882688000784 2.20940436563298 -0.032155568722477 2.30865454247468 0.288559243854716 2.24811642183655 -0.316501091055252
"262" -0.289553323360919 2.30230371594801 1.00588806368605 1.13667333941627 -0.15930506024443 1.0447339568117 0.562801111450011 0.754060962364023
"263" 0.24020642157899 1.03827674987069 1.55633832473833 -1.12943147450183 1.07423941086179 0.670195823056923 1.17200585620574 0.521400820257012
"264" 0.442938834584577 1.05000743862414 2.78750931525309 0.524919718859753 0.473477608616191 1.51082967531864 0.488814877088191 0.766402058802624
"265" 1.70847314559184 0.098846205749001 1.39128309703004 0.273640275962332 1.58124348178352 0.628629499804692 0.672976184584397 1.16318804260952
"266" 0.564767152922837 0.7426346641244 1.57640237014766 1.69044063697515 -0.30459699867592 1.48765928016301 1.26499262029847 0.960373375288209
"267" -0.209219423916149 0.258332603906236 0.199287520491495 1.42999846068649 0.743842890750045 1.46182409679604 1.15030388911578 0.815596129932366
"268" 0.72209005548488 2.74099775368396 -1.64096869208493 1.60317232285614 -1.92927554529953 1.70488197726987 1.7404250027677 1.07413026128331
"269" 0.340113371584188 -0.329100059313766 2.03036439120503 0.216153309761823 1.33971735096627 0.676819146172133 -0.165527481870683 0.836503595300697
"270" -0.64573389718761 1.51362929005661 0.575343669581984 1.54128683107491 1.63474929646993 0.441797511202479 -0.351981807267366 2.18548678380658
"271" 0.129755950740736 1.25707850257658 1.08761787983072 0.866862381734698 0.782905871783374 1.35298987087255 -0.59411691087151 2.52790155619513
"272" 0.0441366450521872 0.586140897513885 0.295744750217879 2.1826053657329 -0.181703192992185 1.06375678580774 -0.0763044808680233 0.970664050565058
"273" -0.493065909411287 1.19962367913287 1.637935000454 -0.69485258311335 2.03517266846014 0.139547834055432 2.43090853293203 -0.0148361819095033
"274" -0.381956765502205 3.14993385847963 -2.08016811822725 2.75943234546991 -0.288559200436231 2.01312976702474 -0.879211711000654 1.51938616328811
"275" 0.436462922075209 1.46943081120538 1.37808195397378 0.0362642845311417 -0.165216634409993 1.83197648422365 -0.13417953089949 1.28472827521172
"276" -0.336551702167349 1.58610794134587 1.1112695799396 2.6511716019646 -0.391433702777257 0.999688806367622 0.481621072924964 0.808788254036445
"277" -0.3418772677186 2.19991112627971 -0.00920985762727833 2.6618432998197 -0.660219775013798 1.82719974012036 1.39003362131735 -0.382234016337303
"278" -0.55648711455924 0.299249404776722 2.55298534549364 -0.754834060079055 2.36693350213436 -0.869067690502896 1.41962040408754 0.0441951432110214
"279" 0.800688423647549 1.25950189145863 1.23851800190312 -0.530993562216594 1.92840785158344 -0.0812752051089756 2.44496809398982 -0.052462303275882
"280" 1.21912705525372 1.60322032623669 0.993698696417341 -0.203102588809019 0.595888860411791 0.832270320725391 2.15947590559569 0.114651883967986
"281" 0.217173835402066 0.726266788785876 0.749832813276027 0.413015348174385 0.0701427346514492 -0.100311093642359 0.754336416938379 0.368537560712375
"282" -0.431623615826578 1.87666444552816 -0.391881698755068 1.34394668739737 0.373518299421116 0.126433008346708 0.559428300882145 2.09446357867091
"283" -1.58999830166395 2.40580412173615 0.132078218587418 1.4254247296656 0.682131021543213 0.873378290648113 1.60411888524459 0.499638078407311
"284" 0.294428148560448 2.17181456551617 -1.17216409062005 2.80836364979565 -1.51366026343913 1.24946844580287 1.05500957979641 0.012674082552561
"285" 2.1848929858582 1.16654153339428 -0.314035644298387 1.69252263904569 0.183907719658544 0.791550920982285 -0.635924956633936 2.03531422112216
"286" -0.237711838624986 2.32121046008005 -0.481788663193421 1.75142389902622 -0.359389109708385 0.987751923356982 0.0640784227909919 0.18713248583015
"287" -0.209488296927545 2.11622207892254 -0.625041300814233 0.750290565908869 0.0386147147450496 1.44780678823776 0.00392999919681186 0.678777871218029
"288" 0.274419142380676 2.06064397125632 -1.3518222006184 2.0910390534406 0.0669145760843103 1.42986237201689 0.0816873719797525 0.945119022950271
"289" 0.359542839813059 1.00094797920604 0.526831328629503 1.35678083087077 -0.337273415718217 0.757048127152983 0.420682911363069 0.506643200592565
"290" 1.7775328086462 0.868430120252428 0.993159570057144 0.207608688485609 -0.532790677438463 1.71593526096226 0.377961667837976 1.37920263231573
"291" -0.733271873419411 0.645125166941202 0.409730101035261 1.57175158207478 0.625249712178187 0.879228199883218 0.96436574531135 0.56457658427344
"292" 1.10394234187656 -0.0554834468762273 0.342535737761111 0.96055434790386 0.494975120101021 0.0280207665614924 2.07929805686677 -0.0574891697264392
"293" 0.0678730864499573 1.24227591734969 0.976480472643535 0.516394497589382 0.491591812389458 0.34330383720271 0.656931845559076 -0.58845474666934
"294" 0.150872629226335 1.00890078462941 0.0523044430716417 2.09653410054974 -0.165129785697904 1.3760747414338 0.378325978373748 0.75409153545984
"295" -0.339594645882109 2.54435028030624 -1.73551076128522 1.59748639359219 1.5598994389336 0.0150648613817352 1.47684862311471 0.401694548126725
"296" 0.10309406139331 2.33880088136911 -1.33751517105489 2.45834156681071 -0.0691139657555444 1.1027804743568 -0.238955462109291 2.70512887193629
"297" 2.56918768567043 -0.709606435587211 2.6076562957675 0.142394130136731 -0.0926803990676139 1.01034330555156 0.629556955855808 0.6407342309593
"298" 1.76193330830002 1.46533811931787 -0.0211648804959993 0.370002421972692 0.523632039770963 0.792252697830727 0.31109630269597 2.28189073860901
"299" 1.4242743504656 0.431052296028367 -0.000697180684835152 1.1166603796987 0.593574183392331 0.766944833491133 0.983035926871213 0.808932637838642
"300" -1.01363318949157 1.82357167057545 1.36316205263392 0.551445146130261 1.48043857781973 -0.32207901375501 -0.181457369685645 2.33242561758676
"301" 0.699968097530403 0.597078712756062 2.09367800743429 0.487182845933272 1.22865758285573 0.81835748091969 1.01308079386081 0.451385182883951
"302" 1.09385380320657 0.427135687852437 0.508120996318764 0.870723236928745 0.282951084831557 0.882661924943826 0.338110630951378 0.644900217299024
"303" 0.262899107987803 2.25884997796386 0.38909520119739 0.409856270460549 1.5785731295629 -0.641822134563996 0.44126032686895 0.502051088184746
"304" 0.445734815169409 0.751956441043536 0.189139564356693 1.27070976979384 -0.0969978351847026 1.57089931853933 -0.57695981873157 2.58638999981684
"305" -0.755323914195596 2.55449707387913 -1.07296555545249 1.10054763364935 0.790253101331688 1.29437035082841 0.52195939910244 0.582289507799087
"306" 0.01162203393057 0.640291212362362 1.10840929294426 1.0621357397283 0.0844388352444887 -0.0032800523766614 0.619285960002454 1.39959208358301
"307" 2.01673295410092 0.0812978640960614 0.915976141150754 0.911591256049815 -1.09893052726069 1.17378190497926 0.992989703278901 -0.350191342351987
"308" -0.170151302798034 1.91916918128301 0.644209746713337 1.1813944913075 0.135924742842701 0.271317065277166 -0.596479523692992 1.16667863483307
"309" -0.509206477607245 0.874397694678326 0.677020150771796 0.939604627555466 -0.0629552474515711 2.84673502777786 -0.261714662708031 -0.0209313278995591
"310" -0.769257021264383 0.135691260989853 0.640894148412105 0.5692597233857 1.47992328375679 -0.15674551161248 0.984831392772852 1.32893201489153
"311" -0.270725614887265 1.7397172686511 0.87486757983199 0.00259315943912031 0.65507315156837 0.110676610585834 0.749644848338238 0.822421223059372
"312" -1.06074682229412 1.9237006689166 -0.986323294445431 1.93877741433612 -0.811248973378441 0.841803748171654 -0.762590658828358 1.02877729528594
"313" 1.51997658851863 1.22994247955629 -0.625495125358902 2.71399677828235 -0.851038344697662 0.795199244927148 0.968850549170825 -0.711716361596282
"314" 1.90114936922046 0.920419039690148 2.31467775566925 0.626666306759217 -0.0741635868104144 2.21494039810421 0.13737051496331 0.260879222174337
"315" 0.158920701548641 2.53878024960203 0.16829226112097 0.743805723100347 0.00137333501928266 1.52778646890133 -0.42689947860797 0.319817755942963
"316" 0.363895926339301 1.64669659941422 0.0843844147326895 0.472114953604847 0.547929507282699 0.603958450385013 -0.00284236581646569 1.2758753560794
"317" 1.88154462438462 0.841010334305107 0.744196667976585 0.626484619641828 1.74567904020411 1.08053435368971 0.890908981674583 1.31672669271027
"318" -0.740341674447013 0.139739116394352 1.23461178302467 0.524050979865914 0.69310806253093 0.695264572545767 0.901836625482951 0.542098861650639
"319" 0.57188423146591 0.320209442906942 0.607799013696177 0.849740258699995 -1.2071034609966 1.68257485103423 0.353464582497012 1.39206187714171
"320" -0.649379267278098 0.348192859152823 2.0824227577447 0.835800185880934 0.345982810821828 1.1398182526048 0.465227936304384 1.17970252286714
"321" 0.164511833856913 1.8953012326454 -1.04448753961456 0.733112519321629 1.77679500629822 1.2016990968126 -0.107704832546358 1.34325823316924
"322" 1.31094692255358 0.237717269661683 2.44962221583968 -0.3757174532105 0.828110810065942 0.82821130185288 0.221524868036011 0.498532162330057
"323" 1.75735835450682 0.327704314425819 1.2329029466936 2.34753961161807 0.0170985651004429 3.23291649427664 -1.87921685436976 2.67017286855939
"324" 0.795974406363354 1.79682279510321 -0.309855213224206 1.96070006535022 0.607648753710669 -0.369028695964955 1.24428308685526 0.311166599163185
"325" -0.0986639657701841 0.679323712016904 -0.655586252463403 1.62050312954759 0.822770624383044 1.01270586325398 0.980444117709916 1.31810410263885
"326" 0.177366837450848 0.409436861737111 -0.464935801590968 -0.42191049050075 0.663809430548367 0.251039478785096 -0.15861197940702 1.48986973058055
"327" -0.722765302977371 1.74222736019917 0.450521621283356 -1.14694524904613 1.92600140996334 -1.81369775594992 2.99947475124826 -0.215288305078347
"328" 0.51278957450213 1.66704231603457 -0.961060467425353 0.180781857918018 2.17157043695129 1.00433528864104 -0.0298718391132942 -0.381813911001017
"329" 3.16384853898981 0.205936101949119 -0.666054706030295 1.11113018695548 1.92225649772685 -0.431209471522543 1.64309871406161 0.767110603444632
"330" 0.370867681763732 -0.0794391290250893 0.707876719478636 1.21876018877205 -0.0474171983362726 1.75631669405092 -0.565792510739517 0.814028842483949
"331" -0.751232358661482 3.50978426511773 -0.853137483180411 3.5586490671671 0.0205154169620401 0.0116840404454983 1.59807119586172 -0.723643607371718
"332" 1.93456509177816 1.40678084201021 2.09812716377016 -0.766626402991351 0.556617582467178 0.503600447522224 2.11373083904231 1.23336258793415
"333" 0.374199498249819 0.960824060998476 0.199054612681481 0.814406883925361 -0.133026298605348 2.07540125692136 -1.5666634130833 0.977400913722775
"334" -0.263907251609234 1.43418595297945 -1.2615483382029 2.24992539576352 0.162108424873362 1.294539857054 1.33079583738843 0.15283808898621
"335" 0.0775733936708384 1.65891577775957 0.289637339347602 1.26076056829364 0.25073066501879 1.85485637747867 -0.794698488075815 0.632836735906233
"336" -0.7204632619897 2.72932271757753 -0.764961825743448 1.5876753387575 1.0928662748494 -0.882375649460579 0.0257013342951782 2.6001649702232
"337" 0.758168336319854 1.88263902799647 1.42564693290819 -0.818784502487586 0.808291461598272 1.21518587410602 0.0976744332100027 1.82333761990907
"338" 0.261483482106372 0.988647716788969 -0.887862305991547 2.31085244814868 -1.08808977752063 -0.188487669237295 1.23507119273324 0.0948115456836682
"339" -0.00900626314604536 0.518801932187545 0.787405059793522 1.27956829075949 0.537478488003745 1.7762821795505 -0.340871394163526 0.776806849116708
"340" 0.790438619452862 -0.149013945444721 0.30696291337367 -0.0456918317671795 0.0442462660763276 1.32947319727957 0.583257693372359 1.12784450174102
"341" 1.14570176806158 -0.504381319168861 3.24663211483973 -0.133134811039342 0.573551915116207 1.08278426612058 0.921671673014803 0.586370158769291
"342" 0.538740420009864 1.25983657249507 -0.139732246849828 2.47205957615858 1.0430759566853 1.0389038373909 0.797618767107326 1.50653717703378
"343" 1.39396871080754 0.366617906857164 -0.785634232908201 1.69453147063151 0.761928716131893 2.69835743159876 -0.680610827173205 1.4987444021583
"344" 1.0655435755311 0.633342572625826 1.09098318532715 0.678133977185905 -0.0220957005394153 -0.213543037947481 0.919172271437884 0.745499709236659
"345" -0.815019030132123 0.743187640982138 1.46546370994455 -0.111747778254546 0.213403583298077 0.766208356159275 0.159439227968075 1.12393592266978
"346" 0.984437014424774 0.133100777111179 1.22567555707818 0.227162146245132 0.533409332341569 1.20883569232535 -0.0967699734298103 0.876460996396986
"347" 0.805110932367412 0.177211708333603 1.27690978437587 0.389839967587312 0.832883875166481 0.228112403152454 1.45195667917582 -0.590361252227656
"348" 0.650395218462314 0.357217575505792 0.467092449290238 0.627186789945892 1.1298900364637 0.764480223261625 -0.0176327593108359 1.91283392647758
"349" -0.29984787353089 1.87014418360703 -0.0863016842151301 2.86602388103228 0.284569349081923 1.96044623886076 1.41287651624997 0.257965657217548
"350" 0.493527018013849 2.41287900589244 -0.581638279610718 -0.132608976768557 1.48231470016412 -0.259468253605772 2.99956134817969 0.206426338228432
"351" 0.840575629845165 -0.725567314691412 1.50225961731467 0.376328113452072 0.620041627160086 0.373756210246325 -0.799913884882407 0.274980465801174
"352" -0.516404644208133 1.77978362028291 1.11053697306939 -0.36765422057064 1.01920523908239 -0.715022619048618 2.5812843367837 -1.44173123303119
"353" 0.876032286144872 1.26557036682378 1.11367694479435 0.840451831407421 0.692806093584056 1.62342384334081 -0.109952066256915 1.68976166359072
"354" 1.81856842154836 1.2411126270626 -0.405914041350626 1.29005540238652 -0.0892073358752845 1.05649283568528 0.19958221367228 0.334074380974165
"355" 1.46441134595276 1.6769936657377 0.33611337170259 -0.168167403011787 1.26083709926655 -0.686953841931415 1.1956577724698 -0.58357670201931
"356" 0.439548692519119 0.946669229765551 -0.564581493166737 -0.0275268251878513 0.440610831470214 1.24969526279529 0.437449388968482 0.199762169457981
"357" 2.00222559658017 -0.0664349804941033 0.294487465449755 0.754507530410991 0.145743365094736 0.578076590737297 -0.638189048125676 -0.286456899208701
"358" 1.23033370443013 -0.290046356170118 1.25625431489963 -0.270921804929808 0.977613126632422 1.7447783856223 0.556790264689329 1.20204047788408
"359" 0.792465746076134 2.33684221274861 -1.83371355001575 2.63540282503971 -0.892060404218262 3.12278009462785 -0.362311762093608 1.04980122107135
"360" 1.28824060818348 0.759878932547564 0.337426874321937 0.798726276198041 0.796707368040541 1.32570280319119 0.92727344709193 -0.971788074226953
"361" 0.37376695432657 -0.252279804690651 1.98050894139671 -0.603428552279805 0.704078766507554 1.22483916240906 0.531341311909877 1.35319973594116
"362" 0.902588192556365 -0.154371529344051 0.951360587997687 0.72476782467159 -0.420479753141779 3.11622932358996 -0.593028573735412 2.14961090794385
"363" -0.231380410491143 1.51251827256798 0.738074283305206 1.93261749070044 -0.329925041635057 3.12918208720277 -1.44937685334508 2.81842628222731
"364" 0.814640377499856 0.489330299614021 0.676433099718581 1.08364768855059 0.48911657929987 0.804520837880354 -0.587018982868294 2.81379232648176
"365" 0.6621306064501 1.86830233538808 -1.55042501149777 -0.0530798186317807 2.98591262981124 -0.427683701776168 0.200308971840125 1.24307727629231
"366" 1.40678850970497 0.903777340315749 1.01979127255873 -0.262558715327999 2.55765831923731 0.126404533100926 0.997428889723237 1.47794509554667
"367" -0.321523454626355 0.607921914470351 1.81224800385568 0.28253016950115 1.35448520031037 1.08881942887412 -0.284081920802097 2.04320746113838
"368" -1.0779195859439 1.77148264528591 -0.00219082551475558 1.70683097443626 -0.0134725631307846 1.63935252758283 0.10683242094011 2.2428367762139
"369" -0.289071082650303 1.14302984075154 -0.28828006579374 1.01907489309725 1.25314521751349 -0.130446356884035 1.07740080008342 0.352327422793726
"370" 0.313771216672175 1.876525403476 -0.274150745446802 1.90206983059993 2.06043217522455 0.119250904058904 0.935688131441499 0.327293217661083
"371" 1.19718835497386 -0.990095339215098 2.25484420144645 -1.34228538138689 2.18027285164635 1.95818033304568 0.736210267349782 1.6460413523097
"372" -0.501920433405386 1.78891699410204 -0.711276763714107 1.68854211758759 -1.48353351317726 1.67245106779418 0.923225574489289 1.65587392147024
"373" 1.70236441100956 0.458014699941445 1.09538717290914 0.63936933013836 1.42145695104164 0.611121851563215 0.30846489727346 2.04473993754214
"374" 0.696897050010137 1.39642352767226 -0.220640241604767 0.382506297674841 -0.349143168338987 0.752239634571414 1.92132563135171 -0.178171255516811
"375" 0.550969268644327 -0.329606037902401 2.8550086411476 -2.05973481503388 1.82896909325195 0.367144721773256 1.26996134154456 0.997479727755319
"376" 1.45472069480484 0.825406246364722 1.20591437903672 1.09931055191833 2.09706441497461 1.34748819830113 -0.500367318380535 1.4372395162971
"377" -0.449174484437049 0.681378639356626 1.67322186642737 -1.10548910101217 0.984324015005768 1.504838600586 -2.21378288663195 3.05643843123262
"378" 3.11700423605615 -0.507898477839555 2.63908179929591 0.192106265289191 0.926367461325023 0.964286761798571 0.792800159815283 -0.196078507223122
"379" -0.966385742267302 1.13924379549492 -0.169661087470838 0.87413732330762 0.725419271206159 1.05553404378877 -0.458143420886745 1.50895811419442
"380" -0.0918626121836741 1.22978320642962 1.49575044301217 1.33799388826875 -0.756273062846415 1.1193591834582 -0.158976406022134 0.846469438366352
"381" -0.598234264099632 3.20780178898599 -2.02379319324413 2.18243796443679 0.0321654269550315 1.2570550835129 -1.01268679768263 2.65342828904433
"382" -0.413481696352538 1.99040737990364 -0.771284446999204 1.50243967625906 1.49297574509513 -0.0272130913350297 1.70841154198684 0.160218001048882
"383" 0.423145340374516 0.298190171712327 0.760037302148287 2.33386324890665 -1.43456623152565 2.03538202031402 -0.0515553997936411 1.21596969882241
"384" -0.519693272998579 0.692727426835958 0.220227711911538 0.79475814387608 1.97985060172008 0.29932306328008 0.113190895568933 -0.890989004226092
"385" -0.0093917924076552 0.698701823636876 0.01345935838669 1.12919620000479 0.00941390964535277 2.87814268962993 -2.28159699017862 1.66321906737972
"386" 1.53442728562274 0.478950813490556 0.217929094703054 2.82135113665816 0.298249820637873 0.899656204817748 0.389118496799273 0.852555625159372
"387" 0.717463965235853 0.634119908767992 -1.02278007888568 2.61638347143775 -0.685973840869112 2.01551383540368 0.832669485886903 1.4932907830987
"388" 1.09875089641047 1.41414953186734 -1.07358024198089 1.45350429333891 -0.367882935318685 1.52081114415585 0.173337065838637 1.77013586587849
"389" -0.652353274586567 2.66611129355976 -0.742194214383929 1.36644410249866 0.525914124655023 0.765536697542219 1.19912161582818 1.01133990263121
"390" -1.69837152143992 2.71563023701654 0.0240075034843768 1.11512397204141 -0.00641281557304607 1.78263304055099 -1.65705058614614 0.561392384802971
"391" -0.289251288541766 1.72852074336971 0.199136676180077 0.747385809536463 0.944631006343156 1.59519538494718 -0.325451428125668 1.5004298997634
"392" 1.39733020500484 -0.289515876833522 2.71088102157178 0.0129434713066469 1.73806510618659 1.13649674293612 0.820846344485992 1.6912701953267
"393" 1.1838151872763 1.1761378009316 -0.195027287336157 1.94577883491486 0.535448818760867 2.18262651995065 -0.717522099739923 1.30340056795659
"394" 0.462943351096665 0.699986828558425 1.27075932729525 1.05203681611073 0.646312641557476 1.19148554122237 -0.325784933755488 0.982306742695819
"395" -0.482498157806437 0.691925922189348 1.7571615408141 0.592297809959 0.0764421756071976 -0.342232288800281 1.23756131585177 0.823341124715519
"396" 0.974771786304345 -0.487369083873628 2.63559036893897 -0.845031451028459 2.51233119296161 -1.25981320812856 2.09344944259747 0.637807379146454
"397" 0.202724632742913 0.955236492184106 -0.19119895470609 0.13825668611187 1.18967836615396 -0.563798246961182 0.922598307562121 0.273013189635217
"398" 0.773584686945573 0.7567870381586 0.849627059026151 0.147843710239533 1.55297471213972 0.573713439767271 1.27873759722764 0.22762505499703
"399" 2.79913772124442 -1.10490421707496 0.583758034426962 0.116909980886791 0.36341971721864 1.13348699196899 0.273392339154287 2.73049187824911
"400" -1.21214763466335 2.38670138102015 0.154216957469003 2.47746494930162 -1.33724370040764 2.22282149001671 1.3318854696961 1.62221419345675
"401" 1.61662222407265 0.584900105556862 -0.0123020633962656 2.96928863740764 -0.187050816704971 2.61513856727392 -0.110847099977258 0.924693481454271
"402" 0.760043609296953 0.283026575290905 1.57142451987377 1.14653524541169 1.21469162835417 0.6452483662929 -0.228305853603845 3.12673590976459
"403" -0.0253534501841648 1.37783698562021 1.57310355814967 0.314080752433993 0.887733030872119 0.864413485124161 1.13167208514139 1.31889670876752
"404" -0.866093862844487 1.16597938772945 0.441778111533327 1.34195655383346 0.538639082643736 0.763144813460798 0.631395624332145 1.3627761628438
"405" 0.928327830666497 1.16849903976745 -0.201064406521114 0.625884668006317 -0.584433451739394 1.9065871950019 -0.25062707362865 1.15752282091589
"406" 1.9599156811275 -0.356902303746396 1.59570186351795 0.0389253731215159 1.05541352010263 -0.423494335519782 0.876878929407051 0.447555095854335
"407" -0.222669272017086 0.553927542492831 0.981448276238971 0.100200389592483 0.641709789814261 -1.11081827622947 1.97313869249096 -1.05155743108455
"408" 0.135739883891326 2.0820977914813 0.596023022537018 1.13918592591024 -0.780544082977952 1.33785989608614 2.021182461378 -0.213222512975689
"409" -0.690278109575575 0.609794152192699 0.0822425607787224 1.36164423217866 0.83113105497564 1.77337349356331 0.563328487809197 1.11661188055451
"410" 1.53589042531018 0.275231738174769 2.43755703447764 -0.4354324222927 1.23898488547964 1.5100526105627 0.450179237025354 0.193142045554929
"411" -0.0923894732208396 1.2155075658446 1.68268433859009 -0.583617819736729 1.91209499898878 0.265113773116646 0.362654968189505 0.516661014538449
"412" 1.97607317948368 -0.771265535907985 1.14558834581548 1.47017338799784 0.270620292784684 0.791803208551785 1.03085348671939 -0.0933065508851896
"413" 0.751630498001494 0.468692880674499 0.526664391582133 1.98766572825435 -0.956642393732359 1.6355351481068 1.03799288256295 -0.00265494187453874
"414" 0.912638401495294 0.459144770074001 0.549348243766524 1.85037426944002 0.81020588037369 2.18404875198432 0.294711424191826 -0.235901330213656
"415" 1.25027898269326 1.45505618201281 -0.161057448779878 1.79369215823816 0.221020802899289 0.889144117319582 1.43542706904151 -0.45720115123172
"416" 1.9791002666496 0.152657798382363 -0.299317614333937 2.73042707097681 -0.793868587119109 2.05557022240614 -2.42994954969108 3.52334198032143
"417" 0.562092705533898 0.49227137366707 0.516373223784034 2.38146314192519 0.511759579191642 1.53664685461037 0.0283097164051927 1.49595769199411
"418" -0.737400717011302 2.48350053074151 -0.52561526541721 2.18574423687654 -0.374341811865137 0.0497630424942117 1.71115045616396 -1.00915539501014
"419" -0.560441970053533 1.9359740998893 0.375479217740535 0.929410858325955 -0.174703909445973 2.28406442568209 -0.768968125751702 0.791294039097902
"420" -0.57848859181695 1.19448395321942 1.12296337867191 1.45345644673156 0.450046784337847 1.72573448125278 -0.488003493404559 1.92475529148828
"421" 0.0302317882410278 1.85736768148967 0.823121614501773 0.977372238079716 -0.513792908770657 0.762129148822674 -0.560448441964192 2.86874409781983
"422" -0.030401620918024 -0.0457541363352107 1.4347806539933 1.64974301635092 0.562121901238027 0.302076998070046 1.08591996129522 0.417395121505783
"423" 0.500722993796375 0.847473955003127 0.447315526752688 1.67596424371261 1.09017296753403 0.712377915588609 0.078435268767949 0.681047651984296
"424" 0.29331767682581 0.434528903621543 1.79592043983156 -0.356417777882292 1.83293730678513 1.31012731604748 0.0222129943613937 2.15945060038881
"425" -0.0941304688763656 0.114789145166971 1.87837971973689 -0.150485115673096 1.7917012448806 0.289943920295908 0.345101441780027 0.332578936183054
"426" -0.87179959858489 2.49734140371871 -1.6216736954163 2.86160588355388 -0.450811521935291 1.40289210805416 2.03710346899143 0.214675410971183
"427" 0.845409686564693 1.69655139068269 -0.345104691823804 2.31564569362202 -0.238073506102644 1.75269432399511 -1.18334582586145 1.36398092348971
"428" 0.527831875546266 0.546959483679116 0.0781059116609248 2.30127171467286 0.0772468853766881 1.15674144959131 0.42256349689491 -0.245483438298362
"429" -0.268231518234804 0.660504138310647 1.74188198833154 -0.892406249110261 2.37982293815854 0.00875984024085663 1.3795981491158 -0.330197650685289
"430" 2.06192475355248 0.320827424941989 0.639267419124603 1.49013927480624 1.31647308467626 1.25424643409816 -0.308288765561003 -0.887859405662668
"431" 0.218192098164923 0.428984625868561 0.97837583808565 0.640025336537365 1.74720689042919 -0.668315539977593 1.10346677333479 1.58852480656034
"432" 0.898195126091657 0.188879872262444 2.83194430381866 -0.917701569554014 2.17461216981389 0.0202838549115978 0.379963958405913 0.173106296501383
"433" 1.83177854563563 0.11324094433476 1.69637338862673 1.40323826391942 -0.899321935294507 2.26688000760496 -2.09334639010646 0.989075243227788
"434" 0.425580106528715 2.1981961558988 -0.902657922581545 1.62059438511764 -0.0962651428649918 1.82145520354201 0.703865326356194 0.0632699319296227
"435" -0.278553201794095 2.73527044172985 -0.777778129519888 1.35836748088247 2.08413600051545 -0.379494227343882 2.70190019363286 -0.0359825500009516
"436" 0.540898253547662 0.82605317856749 0.0590190920133259 1.16512677240872 1.94743178028133 0.627195596594558 1.27666767106865 1.61519562067822
"437" 0.301174182839858 1.16830034124991 1.55723456725644 1.03358996913652 0.286198402857579 1.1277603273977 -0.262520150385477 2.64480301782166
"438" 0.682500304875164 1.02985475210953 1.31226161136133 0.361092733643507 1.17124335392333 1.14478634690663 1.01729696790655 1.4933411560467
"439" -0.817864755295091 1.70655961677951 -0.378400478552069 2.78598160254578 0.333336116175659 -0.0803837996581418 1.30071556493795 0.0776832155851725
"440" 0.356031283499489 0.817724551897468 1.26232778074156 0.427130485325066 0.615766848160677 0.927636670856126 0.45211459262672 1.25621119776097
"441" 1.16757800258992 1.47019430867035 0.30207128183037 2.68533951555015 -1.03363633946946 0.925081847326189 1.31130380880489 -0.316181026392016
"442" 0.924530368523837 0.935000093856186 1.23677695334802 0.585407524523511 0.445834977197367 0.874101192646499 0.16603096202874 1.56422240076292
"443" 0.85147477802872 0.603444936635277 1.98870804784802 1.11700735849214 0.498029776778565 0.438691535184593 1.04316472906084 1.43281259380781
"444" 0.484774517398327 1.50720985479413 0.324315580859346 1.2767595868277 -0.571242058923714 1.4865729237809 1.0965763976196 -0.070251666849467
"445" 0.846238723715169 1.26535663406434 -0.366737030175965 1.96125040286919 -0.190524915510327 1.43608907242233 0.781904247336845 0.92543773863956
"446" 1.31432089442355 0.435812017729163 -0.0534920261604236 -0.973995484131419 1.43387677731827 0.545808071456203 1.60113416356541 0.921681204138141
"447" -1.11756798059756 1.43444734751768 0.352025211973132 1.58261262959977 -0.110692056350458 0.957907416748181 -0.36241789759061 2.40839122795841
"448" 0.0446130533475183 2.018727394182 -1.02974691412847 1.48761543340145 -0.792439860208493 2.77954056879905 -0.395369564774172 2.30034753787159
"449" 0.388098010042732 1.87850193149076 0.344227832530429 0.36430540745489 1.18285941212639 0.314928658415222 1.02958059987064 -0.365252041461612
"450" -0.171990258363088 1.77492715136354 -0.490902180550209 2.02899228823496 -0.825081803557953 1.52057136244129 1.29016266053688 0.668452120251
"451" 0.503991772305183 0.969735219546723 -0.303097081173066 1.89189514097724 0.46573943237465 1.58667413112884 0.750413314034658 0.963091766663714
"452" 1.07072819755448 1.62522279832826 1.40490242093211 1.21362291833526 0.738434087574639 1.20868068075963 -0.244944067862181 2.43768418312104
"453" -0.459265561764427 2.12573508551578 -0.413648864899909 1.05115434720035 0.567595296901875 1.3846097707574 0.502088390263899 0.198197449619676
"454" -0.496753655291948 1.56799514286225 0.50468106377432 0.115458799012227 0.14681153311819 0.827437172089537 0.994074927117425 0.759087599722532
"455" 1.6352786011569 1.59620179773818 0.603683540906783 -0.633415943065577 1.26935068592519 0.104199659742649 0.540944868030133 0.758496067070208
"456" 1.78271494749772 0.149443674171163 -0.598524709174772 3.06858171785287 -0.762737483334081 1.95668119683105 1.35078331810936 0.373916470111618
"457" -0.129031331450283 1.01142446399982 0.955815456017541 1.01366688892425 -0.25529931067314 1.84174846432848 -0.439051986235065 0.974003890754824
"458" 0.613758946568145 -0.835049886959012 2.32490774673567 -0.741570979967435 1.73431448945179 -0.255763332607737 -0.0597511628485522 2.14698193482429
"459" -0.620638518138857 1.63041807982068 1.15116268467132 0.863041710030085 0.650510327555199 1.18232729548 0.436201299676968 0.601525339261993
"460" 0.340855008869134 0.411630856465031 0.454828393806993 1.53795820603749 1.16890641668466 0.502985801340738 -0.214289840760986 0.50536884155322
"461" 0.926394301947879 1.05326686122452 0.580307215260361 1.6651102805994 -1.42416666246926 1.69257126523219 0.155266771323506 1.92602968363397
"462" 0.589556451950667 1.18429098443945 0.258712810680832 1.34881446978845 0.618972488965307 1.26026532451279 0.644001253093438 1.3151813518043
"463" 0.401627844522154 0.441850787496867 0.615429402804141 0.351619992384634 1.55385315783907 0.732452079243956 0.115923760445076 1.16047828306092
"464" -0.172998207867998 0.960957944380371 0.855610933113266 0.298678875436624 1.7293322979842 -0.322917525352011 1.24324612609965 0.345705182437646
"465" -0.177857329082282 1.36122471287559 0.851456180528097 1.32400398628247 0.741808348563953 0.322947441750095 1.22459593992846 0.68164195036521
"466" 0.622878702873748 0.152765542347423 1.24075770514412 -0.155117662511886 1.69194993667439 0.931542798500076 2.17602397180718 0.221900461173978
"467" 1.21280162277506 0.0999896261178103 1.63822458099604 0.413186971414148 1.05942702407621 0.408016212658141 0.226641103072216 1.56093000928745
"468" 0.353644799830175 1.19924535619953 0.254996199980701 0.478279398530532 1.01851189063795 0.375509778960299 -0.317844819581141 2.35316114940961
"469" 2.11798402662687 -0.202933675993108 2.69696317611821 0.140152201453875 -0.282463182682957 1.63505444472973 0.268716346560196 1.26636486275673
"470" 0.429013599918272 2.09799266833846 -0.576703333621075 1.83243542837093 -1.60504430670509 2.38228346336469 0.0451463877873732 2.37088548159682
"471" 0.688639145269791 1.94699951125628 -0.209018113351453 -0.234448646113646 0.567911582399328 0.881290883688164 0.518175834615982 0.216867643667237
"472" 2.9675763799182 0.147219641596609 1.78492287040741 1.05617283598807 0.358529028237117 1.76699566850631 -0.033581074450409 2.40611713253943
"473" 0.00609225698324528 1.41950618982957 0.646174931539162 2.08370317301162 -0.742740130830073 1.09213275083226 0.425676578317822 0.788528472643212
"474" -1.72534924461814 1.58291560717751 0.46233958774682 0.762878921035134 1.2644854872744 1.52780802686506 -0.477853872376586 0.797393276119611
"475" 0.689909914417583 0.881292694846062 0.330874387236152 -0.441366919555299 2.51253770970768 0.100648258777 1.04520060005958 0.640623673443908
"476" 0.82850848233087 0.311792291125592 2.62484643041367 -0.621039747934893 1.56754515559773 0.931973322053079 0.159776513816697 0.914374802966291
"477" 1.61987551682238 0.822690263395071 0.173417429564343 1.95800640747035 1.28008121427307 -0.865384202865168 2.54422888160658 -0.442400761304824
"478" 1.12170343018353 1.6438560232114 1.1246049395432 0.257437674265029 0.8885204360653 2.46977579596044 -1.37075270352855 1.78962671543065
"479" 0.124410332377382 0.715632079205614 0.703828026434862 1.48859635405845 0.0155772770197748 0.764988441629289 -0.956818203742942 3.01357803225009
"480" 0.529004423486691 0.820025509326373 0.61268038417601 1.80702552940284 0.408866676384908 0.32292140714235 -0.611197902992418 0.765803324053523
"481" 1.51884193189695 0.39228794218979 1.58134657014254 0.460224942951889 1.39586424730556 0.542943555011806 0.601143575947928 1.11141507286688
"482" -0.838099532191572 2.03063138519328 -1.30020647690986 0.428218452365516 0.635607883802752 1.69813671682849 -0.35198245862624 0.10865286438836
"483" -0.0110254227774876 1.83025633268416 1.61515148059788 0.559295520333085 0.578671911061696 0.218507603035959 2.40352307627849 -0.245250282112887
"484" -0.174726117128973 1.4190591593185 -0.19970764942212 1.85494778623091 0.534809845883194 0.706551917323716 1.01528281734496 1.35891690116264
"485" -0.556885550954968 1.50227231699083 -0.949768781569666 0.71050492850319 -0.185478389194534 0.792770267261466 0.596363178109798 0.503961652697672
"486" -0.467025299033996 0.91768727340637 0.518803850302666 0.721184192173018 2.09103324453415 -0.146213882215965 1.26322872288844 1.32868038355794
"487" 2.02675344421645 -0.293799720885471 -0.580205476165733 2.0223139635717 0.377424731859159 0.4197124291465 0.133404148023179 0.73058128550325
"488" 1.59260683972041 1.5418771127739 1.36189628304976 0.114532214795959 0.2460810103563 0.000475438778376636 1.1220579572458 1.02438244076102
"489" 0.220986521117242 -1.07653917900584 2.77075058420664 -0.286400396296081 1.001319054121 0.153802942525699 0.924859662465024 0.541995109551028
"490" 0.247982960111433 1.37794017173774 -0.330894174485931 1.42249628001635 0.640059341915201 0.651310212021725 0.094395730165685 0.891274562159993
"491" 0.870049442717924 2.56128997771707 1.20845013861185 -0.301393426985791 0.104564230142535 2.09387384223434 -0.406985001142965 1.30729872211309
"492" 0.790782882409214 1.059253648627 1.06034687325743 0.164467897251993 -1.29842547087231 2.35716877186706 -1.85867599792415 2.30696250844611
"493" -0.038030320272828 1.99835559076851 -0.226025055903169 1.10051055599161 0.473688143019183 -1.51680080754797 1.73218771906555 0.344722936240724
"494" 0.438987895554269 1.65693175032105 1.08266457703226 0.630306305992842 0.650172251967318 1.70841550773643 0.273179541662781 2.5867637320023
"495" 1.12562521616243 1.73337628537108 -0.815045087275365 0.403414419420649 1.08803736949632 -0.114176004776364 2.72117157522574 0.226739905790709
"496" 1.5242463575912 1.65529316008682 1.22322133122038 -0.248408829718833 1.05683769986225 1.20973617799977 -0.43349813945225 2.67650187292803
"497" -0.430337621663454 1.51542359889784 0.909736987292074 2.20260377529185 0.641489330569042 1.40444498195995 0.345249484076663 0.985933472595086
"498" 0.485305903311141 1.42156459796124 -0.0155529294182659 1.37592795452931 -0.57210429333602 0.74991130366075 0.238068839836285 0.45155437586841
"499" 0.0114794893567643 0.625163655175787 0.151464610970501 1.6201181255759 0.131661115256463 1.02132798784903 1.34505859864558 2.26167538266741
"500" 1.28660353770459 0.356427620183038 0.36646071422607 0.00198484745574146 0.903461587645572 -1.03876639811906 2.12809178642648 0.262873528648046
